playerx,1410
playery,1623
deltx,1426
delty,1639
step,2
towards,2
healthy,70
full,41
treenum,0
flowernum,0
berrynum,2
carrotnum,0
grassnum,1
time,23845
manu,0,1,4,0,0,0,0,0,0,0,
tree,1460,1200,1,1700,1800,1,2450,2300,1,2700,2200,2,3250,1200,2,3200,1000,2,35000,1000,2,
flower,1200,1000,1300,1000,2000,2200,
berry,1100,1400,1,1150,1000,2,2400,2300,1,1400,1300,1,3000,2000,1,2950,2100,1,2780,2300,1,1700,2300,1,
carrot,1720,1880,1850,1600,1620,1680,2850,1600,2120,1080,3150,1200,3020,1000,2700,1700,
grass,1000,1180,1000,1730,1270,1900,
